0.000786184347745193 0.000906805434614989 0.000906805334953765
0.00157236869549039 0.00181360814136612 0.00181360794204443
0.00235855304323558 0.00272040539239568 0.00272040509341504
0.00314473739098077 0.00362719445985824 0.00362719406122092
0.00393092173872597 0.0045339726159268 0.00453397211763585
0.00471710608647116 0.00544073713279894 0.00544073653485814
0.00550329043421635 0.00634748528270295 0.00634748458511686
0.00628947478196155 0.00725421433790399 0.00725421354067791
0.00707565912970674 0.00816092157071023 0.00816092067385022
0.00786184347745193 0.00906760425347895 0.00906760325699184
0.00864802782519713 0.00997425965862276 0.00997425856251614
0.00943421217294232 0.0108808850586157 0.0108808838628979
0.0102203965206875 0.0117874777259993 0.0117874764306794
0.0110065808684327 0.012694034933389 0.0126940335384769
0.0117927652161779 0.0136005539534799 0.0136005524589862
0.0125789495639231 0.0145070320590531 0.0145070304649892
0.0133651339116683 0.0154134665229821 0.0154134648293601
0.0141513182594135 0.0163198546182384 0.0163198528250712
0.0149375026071587 0.0172261936178981 0.0172261917251993
0.0157236869549039 0.0181324807951477 0.0181324788029317
0.0165098713026491 0.0190387134232905 0.0190387113315726
0.0172960556503943 0.0199448887757527 0.0199448865845487
0.0180822399981394 0.0208510041260895 0.0208510018354161
0.0188684243458846 0.0217570567479911 0.0217570543578657
0.0196546086936298 0.0226630439152889 0.0226630414257298
0.020440793041375 0.023568962901962 0.0235689603129881
0.0212269773891202 0.0244748109821429 0.0244748082937738
0.0220131617368654 0.0253805854301235 0.0253805826423799
0.0227993460846106 0.026286283520362 0.026286280633265
0.0235855304323558 0.0271919025274883 0.0271918995410598
0.024371714780101 0.0280974397263102 0.028097436640573
0.0251578991278462 0.0290028923918202 0.0290028892067978
0.0259440834755914 0.0299082577992007 0.0299082545149173
0.0267302678233366 0.0308135332238308 0.0308135298403115
0.0275164521710818 0.0317187159412923 0.0317187124585627
0.028302636518827 0.0326238032273755 0.0326237996454623
0.0290888208665722 0.033528792358086 0.0335287886770164
0.0298750052143174 0.03443368060965 0.034433676829452
0.0306611895620625 0.0353384652585211 0.0353384613792235
0.0314473739098077 0.0362431435813861 0.0362431396030185
0.0322335582575529 0.0371477128551713 0.037147708777764
0.0330197426052981 0.0380521703570485 0.0380521661806325
0.0338059269530433 0.0389565133644412 0.0389565090890484
0.0345921113007885 0.0398607391550306 0.0398607347806935
0.0353782956485337 0.040764845006762 0.0407648405335138
0.0361644799962789 0.0416688281978506 0.0416688236257255
0.0369506643440241 0.0425726860067878 0.0425726813358206
0.0377368486917693 0.0434764157123475 0.0434764109425738
0.0385230330395145 0.0443800145935917 0.0443800097250479
0.0393092173872597 0.0452834799298774 0.0452834749626004
0.0400954017350049 0.0461868090008618 0.0461868039348896
0.0408815860827501 0.0470899990865092 0.0470899939218804
0.0416677704304953 0.0479930474670967 0.0479930422038506
0.0424539547782404 0.0488959514232205 0.0488959460613973
0.0432401391259856 0.049798708235802 0.0497987027754425
0.0440263234737308 0.0507013151860937 0.0507013096272395
0.044812507821476 0.0516037695556856 0.0516037638983791
0.0455986921692212 0.0525060686265113 0.0525060628707956
0.0463848765169664 0.0534082096808538 0.0534082038267728
0.0471710608647116 0.0543101900013521 0.0543101840489503
0.0479572452124568 0.0552120068710067 0.0552120008203296
0.048743429560202 0.0561136575731864 0.0561136514242802
0.0495296139079472 0.0570151393916339 0.0570151331445454
0.0503157982556924 0.0579164496104721 0.057916443265249
0.0511019826034376 0.0588175855142102 0.0588175790709008
0.0518881669511828 0.0597185443877498 0.0597185378464033
0.052674351298928 0.060619323516391 0.0606193168770572
0.0534605356466731 0.0615199201858384 0.061519913448568
0.0542467199944183 0.0624203316822074 0.0624203248470518
0.0550329043421635 0.0633205552920303 0.0633205483590417
0.0558190886899087 0.0642205883022621 0.0642205812714933
0.0566052730376539 0.0651204280002869 0.0651204208717917
0.0573914573853991 0.0660200716739241 0.0660200644477568
0.0581776417331443 0.066919516611434 0.0669195092876497
0.0589638260808895 0.0678187601015243 0.0678187526801789
0.0597500104286347 0.0687177994333562 0.0687177919145063
0.0605361947763799 0.0696166318965503 0.0696166242802534
0.0613223791241251 0.0705152547811928 0.0705152470675069
0.0621085634718703 0.0714136653778415 0.0714136575668255
0.0628947478196155 0.072311860977532 0.0723118530692457
0.0636809321673607 0.0732098388717839 0.0732098308662875
0.0644671165151059 0.0741075963526065 0.0741075882499612
0.0652533008628511 0.0750051307125053 0.075005122512773
0.0660394852105962 0.0759024392444877 0.075902430947731
0.0668256695583414 0.0767995192420694 0.0767995108483517
0.0676118539060866 0.0776963679992805 0.0776963595086659
0.0683980382538318 0.0785929828106713 0.0785929742232245
0.069184222601577 0.0794893609713184 0.0794893522871051
0.0699704069493222 0.0803854997768311 0.0803854909959177
0.0707565912970674 0.0812813965233571 0.0812813876458107
0.0715427756448126 0.0821770485075889 0.0821770395334774
0.0723289599925578 0.0830724530267697 0.0830724439561615
0.073115144340303 0.0839676073786993 0.0839675982116639
0.0739013286880482 0.0848625088617405 0.0848624995983479
0.0746875130357934 0.085757154774825 0.0857571454151461
0.0754736973835386 0.0866515424174595 0.0866515329615658
0.0762598817312838 0.0875456690897316 0.0875456595376954
0.077046066079029 0.0884395320923163 0.0884395224442106
0.0778322504267741 0.0893331287264813 0.08933311898238
0.0786184347745193 0.0902264562940941 0.0902264464540716
0.0794046191222645 0.0911195120976268 0.0911195021617586
0.0801908034700097 0.0920122934401635 0.0920122834085253
0.0809769878177549 0.0929047976254052 0.0929047874980739
0.0817631721655001 0.0937970219576765 0.0937970117347297
0.0825493565132453 0.0946889637419315 0.0946889534234473
0.0833355408609905 0.0955806202837597 0.0955806098698172
0.0841217252087357 0.0964719888893924 0.0964719783800712
0.0849079095564809 0.0973630668657084 0.097363056261089
0.0856940939042261 0.09825385152024 0.0982538408204035
0.0864802782519713 0.0991443401611793 0.0991443293662077
0.0872664625997165 0.100034530097384 0.10003451920736
0.0880526469474617 0.100924418638384 0.100924407653391
0.0888388312952069 0.101814003094387 0.101813992014509
0.0896250156429521 0.102703280776284 0.102703269601606
0.0904111999906972 0.103592248995655 0.103592237726263
0.0911973843384424 0.104480905064778 0.104480893700758
0.0919835686861876 0.105369246296632 0.105369234838071
0.0927697530339328 0.106257270004903 0.106257258451889
0.093555937381678 0.107144973503993 0.107144961856615
0.0943421217294232 0.108032354109022 0.108032342367368
0.0951283060771684 0.108919409135836 0.108919397299997
0.0959144904249136 0.109806135901014 0.109806123971081
0.0967006747726588 0.110692531721874 0.110692519697937
0.097486859120404 0.111578593916475 0.111578581798628
0.0982730434681492 0.112464319803628 0.112464307591963
0.0990592278158944 0.113349706702901 0.113349694397512
0.0998454121636396 0.114234751934621 0.114234739535603
0.100631596511385 0.115119452819887 0.115119440327334
0.10141778085913 0.116003806680568 0.116003794094576
0.102203965206875 0.116887810839315 0.116887798159982
0.10299014955462 0.117771462619566 0.117771449846988
0.103776333902366 0.118654759345549 0.118654746479825
0.104562518250111 0.119537698342292 0.11953768538352
0.105348702597856 0.120420276935624 0.120420263883904
0.106134886945601 0.121302492452188 0.12130247930762
0.106921071293346 0.12218434221944 0.122184328982125
0.107707255641092 0.123065823565658 0.123065810235698
0.108493439988837 0.12394693381995 0.123946920397447
0.109279624336582 0.124827670312255 0.124827656797313
0.110065808684327 0.125708030373355 0.125708016766077
0.110851993032072 0.126588011334876 0.126587997635367
0.111638177379817 0.127467610529295 0.127467596737661
0.112424361727563 0.128346825289949 0.128346811406295
0.113210546075308 0.129225652951037 0.12922563897547
0.113996730423053 0.130104090847628 0.130104076780256
0.114782914770798 0.130982136315667 0.130982122156598
0.115569099118543 0.131859786691981 0.131859772441323
0.116355283466289 0.132737039314283 0.132737024972147
0.117141467814034 0.133613891521181 0.133613877087678
0.117927652161779 0.134490340652183 0.134490326127422
0.118713836509524 0.135366384047699 0.135366369431793
0.119500020857269 0.136242019049054 0.136242004342116
0.120286205205015 0.137117242998489 0.137117228200632
0.12107238955276 0.137992053239168 0.137992038350506
0.121858573900505 0.138866447115184 0.138866432135831
0.12264475824825 0.139740421971565 0.139740406901638
0.123430942595995 0.140613975154281 0.140613959993895
0.124217126943741 0.141487104010247 0.141487088759519
0.125003311291486 0.142359805887333 0.142359790546381
0.125789495639231 0.143232078134367 0.143232062703309
0.126575679986976 0.14410391810114 0.144103902580095
0.127361864334721 0.144975323138417 0.144975307527504
0.128148048682467 0.145846290597935 0.145846274897276
0.128934233030212 0.146716817832418 0.146716802042134
0.129720417377957 0.147586902195575 0.147586886315787
0.130506601725702 0.148456541042112 0.148456525072943
0.131292786073447 0.149325731727731 0.149325715669304
0.132078970421192 0.150194471609144 0.150194455461584
0.132865154768938 0.151062758044073 0.151062741807504
0.133651339116683 0.151930588391259 0.151930572065806
0.134437523464428 0.152797960010464 0.152797943596254
0.135223707812173 0.153664870262483 0.153664853759642
0.136009892159918 0.154531316509144 0.154531299917801
0.136796076507664 0.155397296113317 0.155397279433599
0.137582260855409 0.15626280643892 0.156262789670957
0.138368445203154 0.157127844850923 0.157127827994843
0.139154629550899 0.157992408715354 0.157992391771289
0.139940813898644 0.158856495399309 0.15885647836739
0.14072699824639 0.159720102270951 0.159720085151309
0.141513182594135 0.160583226699522 0.16058320949229
0.14229936694188 0.161445866055346 0.161445848760657
0.143085551289625 0.162308017709833 0.162308000327821
0.14387173563737 0.16316967903549 0.16316966156629
0.144657919985116 0.164030847405922 0.164030829849669
0.145444104332861 0.164891520195841 0.164891502552671
0.146230288680606 0.16575169478107 0.16575167705112
0.147016473028351 0.166611368538549 0.166611350721956
0.147802657376096 0.167470538846341 0.167470520943244
0.148588841723842 0.16832920308364 0.168329185094177
0.149375026071587 0.169187358630773 0.169187340555084
0.150161210419332 0.170045002869208 0.170044984707433
0.150947394767077 0.170902133181561 0.17090211493384
0.151733579114822 0.171758746951597 0.171758728618073
0.152519763462568 0.172614841564243 0.172614823145058
0.153305947810313 0.173470414405589 0.173470395900886
0.154092132158058 0.174325462862892 0.174325444272815
0.154878316505803 0.175179984324588 0.175179965649281
0.155664500853548 0.176033976180294 0.176033957419901
0.156450685201293 0.176887435820811 0.17688741697548
0.157236869549039 0.177740360638137 0.177740341708013
0.158023053896784 0.178592748025466 0.178592729010696
0.158809238244529 0.179444595377197 0.179444576277931
0.159595422592274 0.180295900088942 0.180295880905326
0.160381606940019 0.181146659557524 0.181146640289709
0.161167791287765 0.181996871180993 0.181996851829128
0.16195397563551 0.182846532358623 0.182846512922859
0.162740159983255 0.183695640490923 0.183695620971411
0.163526344331 0.184544192979641 0.184544173376533
0.164312528678745 0.18539218722777 0.185392167541219
0.165098713026491 0.186239620639554 0.186239600869713
0.165884897374236 0.187086490620491 0.187086470767514
0.166671081721981 0.187932794577344 0.187932774641387
0.167457266069726 0.188778529918144 0.188778509899361
0.168243450417471 0.189623694052193 0.18962367395074
0.169029634765217 0.190468284390074 0.190468264206109
0.169815819112962 0.191312298343656 0.191312278077336
0.170602003460707 0.192155733326098 0.19215571297758
0.171388187808452 0.192998586751854 0.192998566321298
0.172174372156197 0.193840856036682 0.193840835524248
0.172960556503943 0.194682538597648 0.194682518003496
0.173746740851688 0.195523631853132 0.195523611177422
0.174532925199433 0.196364133222832 0.196364112465726
0.175319109547178 0.197204040127772 0.197204019289432
0.176105293894923 0.198043349990307 0.198043329070896
0.176891478242669 0.198882060234127 0.198882039233809
0.177677662590414 0.199720168284267 0.199720147203206
0.178463846938159 0.200557671567108 0.200557650405468
0.179250031285904 0.201394567510383 0.201394546268331
0.180036215633649 0.202230853543188 0.20223083222089
0.180822399981394 0.203066527095982 0.203066505693603
0.18160858432914 0.203901585600593 0.203901564118303
0.182394768676885 0.204736026490228 0.204736004928194
0.18318095302463 0.205569847199475 0.205569825557867
0.183967137372375 0.206403045164308 0.206403023443295
0.18475332172012 0.207235617822097 0.207235596021849
0.185539506067866 0.208067562611609 0.208067540732297
0.186325690415611 0.208898876973015 0.208898855014811
0.187111874763356 0.209729558347899 0.209729536310975
0.187898059111101 0.210559604179257 0.210559582063786
0.188684243458846 0.211389011911509 0.211388989717665
0.189470427806592 0.212217778990503 0.212217756718459
0.190256612154337 0.213045902863516 0.213045880513448
0.191042796502082 0.213873380979266 0.21387335855135
0.191828980849827 0.214700210787915 0.214700188282327
0.192615165197572 0.215526389741074 0.21552636715799
0.193401349545318 0.216351915291808 0.216351892631407
0.194187533893063 0.217176784894645 0.217176762157104
0.194973718240808 0.218000996005578 0.218000973191076
0.195759902588553 0.218824546082071 0.218824523190788
0.196546086936298 0.219647432583068 0.219647409615184
0.197332271284044 0.220469652968994 0.22046962992469
0.198118455631789 0.221291204701764 0.221291181581221
0.198904639979534 0.222112085244786 0.222112062048186
0.199690824327279 0.222932292062969 0.222932268790496
0.200477008675024 0.223751822622727 0.223751799274563
0.20126319302277 0.224570674391985 0.224570650968315
0.202049377370515 0.225388844840184 0.225388821341193
0.20283556171826 0.226206331438288 0.226206307864161
0.203621746066005 0.227023131658789 0.227023108009711
0.20440793041375 0.227839242975709 0.227839219251868
0.205194114761495 0.228654662864614 0.228654639066197
0.205980299109241 0.229469388802609 0.229469364929804
0.206766483456986 0.230283418268352 0.230283394321348
0.207552667804731 0.231096748742056 0.231096724721041
0.208338852152476 0.231909377705493 0.231909353610659
0.209125036500221 0.232721302642004 0.23272127847354
0.209911220847967 0.233532521036499 0.233532496794596
0.210697405195712 0.234343030375467 0.234343006060318
0.211483589543457 0.235152828146981 0.235152803758778
0.212269773891202 0.2359619118407 0.235961887379636
0.213055958238947 0.236770278947878 0.236770254414147
0.213842142586693 0.237577926961368 0.237577902355164
0.214628326934438 0.238384853375628 0.238384828697146
0.215414511282183 0.239191055686726 0.239191030936162
0.216200695629928 0.239996531392346 0.239996506569897
0.216986879977673 0.240801277991795 0.240801253097656
0.217773064325419 0.241605292986002 0.241605268020373
0.218559248673164 0.242408573877534 0.242408548840611
0.219345433020909 0.243211118170591 0.243211093062574
0.220131617368654 0.244012923371018 0.244012898192106
0.220917801716399 0.244813986986309 0.244813961736702
0.221703986064145 0.24561430652561 0.245614281205509
0.22249017041189 0.246413879499729 0.246413854109335
0.223276354759635 0.247212703421136 0.247212677960651
0.22406253910738 0.248010775803972 0.2480107502736
0.224848723455125 0.248808094164057 0.248808068563999
0.225634907802871 0.249604656018886 0.249604630349348
0.226421092150616 0.250400458887646 0.250400433148831
0.227207276498361 0.251195500291212 0.251195474483325
0.227993460846106 0.251989777752159 0.251989751875406
0.228779645193851 0.252783288794762 0.252783262849349
0.229565829541596 0.253576030945006 0.253576004931141
0.230352013889342 0.254368001730589 0.254367975648479
0.231138198237087 0.255159198680928 0.255159172530781
0.231924382584832 0.255949619327163 0.255949593109188
0.232710566932577 0.256739261202165 0.25673923491657
0.233496751280322 0.257528121840538 0.257528095487535
0.234282935628068 0.258316198778628 0.258316172358426
0.235069119975813 0.259103489554525 0.259103463067337
0.235855304323558 0.259889991708073 0.25988996515411
0.236641488671303 0.260675702780868 0.260675676160342
0.237427673019048 0.261460620316271 0.261460593629396
0.238213857366794 0.262244741859408 0.262244715106397
0.239000041714539 0.263028064957178 0.263028038138245
0.239786226062284 0.263810587158257 0.263810560273617
0.240572410410029 0.264592306013105 0.264592279062974
0.241358594757774 0.265373219073969 0.265373192058563
0.24214477910552 0.26615332389489 0.266153296814426
0.242930963453265 0.266932618031708 0.266932590886403
0.24371714780101 0.267711099042067 0.267711071832138
0.244503332148755 0.268488764485419 0.268488737211085
0.2452895164965 0.269265611923033 0.269265584584513
0.246075700844246 0.270041638917996 0.27004161151551
0.246861885191991 0.27081684303522 0.270816815568989
0.247648069539736 0.27159122184145 0.271591194311693
0.248434253887481 0.272364772905263 0.272364745312204
0.249220438235226 0.273137493797081 0.27313746614094
0.250006622582972 0.273909382089168 0.273909354370168
0.250792806930717 0.274680435355642 0.274680407574007
0.251578991278462 0.275450651172478 0.275450623328431
0.252365175626207 0.276220027117511 0.276219999211277
0.253151359973952 0.276988560770444 0.276988532802248
0.253937544321697 0.277756249712853 0.27775622168292
0.254723728669443 0.27852309152819 0.278523063436747
0.255509913017188 0.279289083801791 0.279289055649065
0.256296097364933 0.28005422412088 0.280054195907097
0.257082281712678 0.280818510074573 0.280818481799962
0.257868466060423 0.281581939253885 0.281581910918675
0.258654650408169 0.282344509251735 0.282344480856154
0.259440834755914 0.28310621766295 0.283106189207227
0.260227019103659 0.28386706208427 0.283867033568637
0.261013203451404 0.284627040114355 0.284627011539043
0.261799387799149 0.285386149353791 0.28538612071903
0.262585572146895 0.286144387405089 0.286144358711111
0.26337175649464 0.286901751872698 0.286901723119737
0.264157940842385 0.287658240363005 0.287658211551293
0.26494412519013 0.288413850484342 0.288413821614113
0.265730309537875 0.289168579846992 0.28916855091848
0.266516493885621 0.289922426063191 0.289922397076631
0.267302678233366 0.290675386747136 0.290675357702764
0.268088862581111 0.291427459514989 0.291427430413041
0.268875046928856 0.292178641984884 0.292178612825596
0.269661231276601 0.292928931776927 0.292928902560536
0.270447415624347 0.293678326513207 0.293678297239952
0.271233599972092 0.294426823817799 0.294426794487917
0.272019784319837 0.295174421316767 0.295174391930496
0.272805968667582 0.29592111663817 0.295921087195751
0.273592153015327 0.296666907412071 0.296666877913744
0.274378337363072 0.297411791270537 0.297411761716541
0.275164521710818 0.298155765847644 0.298155736238222
0.275950706058563 0.298898828779488 0.29889879911488
0.276736890406308 0.299640977704182 0.299640947984631
0.277523074754053 0.300382210261868 0.300382180487617
0.278309259101798 0.301122524094718 0.301122494266009
0.279095443449544 0.301861916846939 0.301861886964017
0.279881627797289 0.302600386164781 0.30260035622789
0.280667812145034 0.303337929696539 0.303337899705924
0.281453996492779 0.304074545092558 0.304074515048465
0.282240180840524 0.304810230005243 0.304810199907917
0.28302636518827 0.305544982089055 0.305544951938743
0.283812549536015 0.306278799000525 0.306278768797474
0.28459873388376 0.307011678398253 0.307011648142711
0.285384918231505 0.307743617942916 0.307743587635131
0.28617110257925 0.308474615297271 0.308474584937492
0.286957286926996 0.309204668126162 0.309204637714639
0.287743471274741 0.309933774096524 0.309933743633506
0.288529655622486 0.310661930877387 0.310661900363124
0.289315839970231 0.311389136139882 0.311389105574625
0.290102024317976 0.312115387557246 0.312115356941247
0.290888208665722 0.312840682804826 0.312840652138337
0.291674393013467 0.313565019560085 0.313564988843359
0.292460577361212 0.314288395502608 0.314288364735897
0.293246761708957 0.315010808314102 0.31501077749766
0.294032946056702 0.315732255678408 0.315732224812488
0.294819130404448 0.316452735281498 0.316452704366357
0.295605314752193 0.317172244811489 0.317172213847381
0.296391499099938 0.317890781958639 0.317890750945819
0.297177683447683 0.318608344415357 0.318608313354083
0.297963867795428 0.319324929876208 0.319324898766735
0.298750052143174 0.320040536037914 0.3200405048805
0.299536236490919 0.320755160599364 0.320755129394266
0.300322420838664 0.321468801261614 0.321468770009091
0.301108605186409 0.322181455727895 0.322181424428206
0.301894789534154 0.322893121703618 0.322893090357022
0.302680973881899 0.323603796896375 0.323603765503133
0.303467158229645 0.32431347901595 0.324313447576321
0.30425334257739 0.325022165774318 0.325022134288563
0.305039526925135 0.325729854885652 0.325729823354034
0.30582571127288 0.32643654406633 0.326436512489109
0.306611895620625 0.327142231034936 0.327142199412375
0.307398079968371 0.327846913512266 0.327846881844628
0.308184264316116 0.328550589221335 0.328550557508884
0.308970448663861 0.329253255887379 0.329253224130378
0.309756633011606 0.329954911237862 0.329954879436576
0.310542817359351 0.330655553002477 0.330655521157172
0.311329001707097 0.331355178913158 0.331355147024097
0.312115186054842 0.332053786704074 0.332053754771525
0.312901370402587 0.332751374111645 0.332751342135874
0.313687554750332 0.333447938874539 0.333447906855813
0.314473739098077 0.33414347873368 0.334143446672266
0.315259923445823 0.334837991432251 0.334837959328418
0.316046107793568 0.3355314747157 0.335531442569717
0.316832292141313 0.336223926331747 0.336223894143881
0.317618476489058 0.336915344030382 0.336915311800904
0.318404660836803 0.337605725563877 0.337605693293056
0.319190845184549 0.338295068686784 0.338295036374891
0.319977029532294 0.338983371155947 0.338983338803253
0.320763213880039 0.3396706307305 0.339670598337276
0.321549398227784 0.340356845171876 0.340356812738394
0.322335582575529 0.341042012243808 0.341041979770341
0.323121766923274 0.341726129712339 0.341726097199159
0.32390795127102 0.342409195345819 0.3424091627932
0.324694135618765 0.343091206914919 0.343091174323134
0.32548031996651 0.343772162192626 0.343772129561951
0.326266504314255 0.344452058954255 0.344452026284963
0.327052688662 0.345130894977449 0.345130862269817
0.327838873009746 0.345808668042187 0.34580863529649
0.328625057357491 0.346485375930787 0.346485343147301
0.329411241705236 0.347161016427908 0.34716098360691
0.330197426052981 0.347835587320561 0.347835554462328
0.330983610400726 0.348509086398106 0.348509053502916
0.331769794748472 0.349181511452262 0.349181478520393
0.332555979096217 0.34985286027711 0.349852827308841
0.333342163443962 0.350523130669098 0.350523097664708
0.334128347791707 0.351192320427043 0.351192287386811
0.334914532139452 0.351860427352138 0.351860394276344
0.335700716487198 0.352527449247957 0.352527416136882
0.336486900834943 0.353193383920457 0.353193350774382
0.337273085182688 0.353858229177986 0.353858195997191
0.338059269530433 0.354521982831282 0.354521949616051
0.338845453878178 0.355184642693485 0.355184609444099
0.339631638225924 0.355846206580135 0.355846173296876
0.340417822573669 0.356506672309178 0.356506638992331
0.341204006921414 0.357166037700974 0.357166004350822
0.341990191269159 0.357824300578298 0.357824267195125
0.342776375616904 0.358481458766344 0.358481425350434
0.34356255996465 0.359137510092731 0.35913747664437
0.344348744312395 0.359792452387509 0.359792418906982
0.34513492866014 0.360446283483159 0.360446249970753
0.345921113007885 0.361099001214602 0.361098967670603
0.34670729735563 0.361750603419201 0.361750569843895
0.347493481703376 0.362401087936765 0.362401054330439
0.348279666051121 0.363050452609554 0.363050418972497
0.349065850398866 0.363698695282286 0.363698661614785
0.349852034746611 0.364345813802136 0.36434578010448
0.350638219094356 0.364991806018744 0.364991772291224
0.351424403442101 0.365636669784222 0.365636636027125
0.352210587789847 0.36628040295315 0.366280369166766
0.352996772137592 0.366923003382589 0.366922969567209
0.353782956485337 0.36756446893208 0.367564435087995
0.354569140833082 0.368204797463651 0.368204763591153
0.355355325180827 0.368843986841821 0.3688439529412
0.356141509528573 0.369482034933602 0.36948200100515
0.356927693876318 0.370118939608506 0.370118905652516
0.357713878224063 0.370754698738548 0.370754664755313
0.358500062571808 0.371389310198252 0.371389276188066
0.359286246919553 0.372022771864652 0.372022737827808
0.360072431267299 0.372655081617299 0.372655047554092
0.360858615615044 0.373286237338265 0.373286203248989
0.361644799962789 0.373916236912147 0.373916202797096
0.362430984310534 0.374545078226069 0.37454504408554
0.363217168658279 0.37517275916969 0.375172725003978
0.364003353006025 0.375799277635206 0.375799243444608
0.36478953735377 0.376424631517354 0.376424597302167
0.365575721701515 0.377048818713419 0.377048784473939
0.36636190604926 0.377671837123234 0.377671802859759
0.367148090397005 0.378293684649186 0.378293650362014
0.367934274744751 0.378914359196223 0.378914324885652
0.368720459092496 0.379533858671853 0.379533824338183
0.369506643440241 0.380152180986153 0.380152146629682
0.370292827787986 0.38076932405177 0.380769289672798
0.371079012135731 0.381385285783926 0.381385251382752
0.371865196483476 0.382000064100423 0.382000029677348
0.372651380831222 0.382613656921646 0.38261362247697
0.373437565178967 0.383226062170567 0.383226027704593
0.374223749526712 0.383837277772752 0.38383724328578
0.375009933874457 0.384447301656361 0.384447267148693
0.375796118222202 0.385056131752154 0.385056097224092
0.376582302569948 0.385663765993495 0.385663731445343
0.377368486917693 0.386270202316358 0.386270167748419
0.378154671265438 0.386875438659328 0.386875404071904
0.378940855613183 0.387479472963605 0.387479438357001
0.379727039960928 0.388082303173012 0.388082268547532
0.380513224308674 0.388683927233994 0.388683892589943
0.381299408656419 0.389284343095627 0.38928430843331
0.382085593004164 0.389883548709617 0.389883514029339
0.382871777351909 0.390481542030308 0.390481507332375
0.383657961699654 0.391078321014685 0.391078286299403
0.3844441460474 0.391673883622377 0.391673848890052
0.385230330395145 0.392268227815661 0.392268193066601
0.38601651474289 0.392861351559468 0.39286131679398
0.386802699090635 0.393453252821384 0.393453218039776
0.38758888343838 0.394043929571657 0.394043894774237
0.388375067786126 0.3946333797832 0.394633344970275
0.389161252133871 0.395221601431592 0.395221566603472
0.389947436481616 0.395808592495086 0.395808557652081
0.390733620829361 0.396394350954613 0.396394316097031
0.391519805177106 0.396978874793782 0.396978839921933
0.392305989524852 0.397562161998886 0.397562127113081
0.393092173872597 0.398144210558909 0.398144175659458
0.393878358220342 0.398725018465525 0.398724983552738
0.394664542568087 0.399304583713103 0.399304548787293
0.395450726915832 0.399882904298715 0.399882869360193
0.396236911263577 0.400459978222134 0.400459943271213
0.397023095611323 0.401035803485843 0.401035768522833
0.397809279959068 0.401610378095033 0.401610343120249
0.398595464306813 0.402183700057615 0.402183665071369
0.399381648654558 0.402755767384215 0.40275573238682
0.400167833002303 0.403326578088184 0.403326543079955
0.400954017350049 0.403896130185601 0.403896095166851
0.401740201697794 0.404464421695273 0.404464386666318
0.402526386045539 0.405031450638744 0.405031415599897
0.403312570393284 0.405597215040294 0.405597179991871
0.404098754741029 0.406161712926947 0.406161677869264
0.404884939088775 0.406724942328473 0.406724907261844
0.40567112343652 0.407286901277389 0.407286866202132
0.406457307784265 0.407847587808968 0.407847552725399
0.40724349213201 0.40840699996124 0.408406964869675
0.408029676479755 0.408965135774994 0.408965100675751
0.408815860827501 0.409521993293786 0.409521958187183
0.409602045175246 0.410077570563939 0.410077535450293
0.410388229522991 0.410631865634548 0.410631830514177
0.411174413870736 0.411184876557484 0.411184841430707
0.411960598218481 0.411736601387399 0.411736566254534
0.412746782566227 0.412287038181725 0.412287003043092
0.413532966913972 0.412836185000684 0.412836149856601
0.414319151261717 0.413384039907286 0.413384004758074
0.415105335609462 0.413930600967337 0.413930565813316
0.415891519957207 0.41447586624944 0.414475831090931
0.416677704304952 0.415019833825 0.415019798662322
0.417463888652698 0.415562501768227 0.415562466601702
0.418250073000443 0.416103868156138 0.416103832986087
0.419036257348188 0.416643931068565 0.41664389589531
0.419822441695933 0.417182688588155 0.417182653412017
0.420608626043678 0.417720138800373 0.417720103621676
0.421394810391424 0.41825627979351 0.418256244612575
0.422180994739169 0.418791109658681 0.418791074475831
0.422967179086914 0.419324626489833 0.419324591305391
0.423753363434659 0.419856828383745 0.419856793198036
0.424539547782404 0.420387713440036 0.420387678253382
0.42532573213015 0.420917279761163 0.420917244573889
0.426111916477895 0.421445525452431 0.421445490264861
0.42689810082564 0.421972448621988 0.421972413434447
0.427684285173385 0.422498047380838 0.42249801219365
0.42847046952113 0.423022319842838 0.423022284656329
0.429256653868876 0.423545264124703 0.423545228939198
0.430042838216621 0.424066878346011 0.424066843161836
0.430829022564366 0.424587160629205 0.424587125446686
0.431615206912111 0.425106109099596 0.425106073919059
0.432401391259856 0.425623721885368 0.42562368670714
0.433187575607602 0.426139997117581 0.426139961941989
0.433973759955347 0.426654932930173 0.426654897757544
0.434759944303092 0.427168527459967 0.427168492290628
0.435546128650837 0.427680778846668 0.427680743680948
0.436332312998582 0.428191685232875 0.428191650071101
0.437118497346328 0.428701244764076 0.428701209606576
0.437904681694073 0.429209455588657 0.42920942043576
0.438690866041818 0.429716315857903 0.429716280709938
0.439477050389563 0.430221823726002 0.430221788583298
0.440263234737308 0.430725977350048 0.430725942212934
0.441049419085054 0.431228774890044 0.431228739758851
0.441835603432799 0.431730214508908 0.431730179383964
0.442621787780544 0.432230294372471 0.432230259254107
0.443407972128289 0.432729012649486 0.432728977538033
0.444194156476034 0.433226367511629 0.433226332407416
0.444980340823779 0.433722357133499 0.433722322036858
0.445766525171525 0.434216979692628 0.43421694460389
0.44655270951927 0.434710233369479 0.434710198288975
0.447338893867015 0.435202116347449 0.435202081275512
0.44812507821476 0.435692626812879 0.435692591749839
0.448911262562505 0.436181762955047 0.436181727901237
0.449697446910251 0.43666952296618 0.436669487921933
0.450483631257996 0.437155905041453 0.437155870007101
0.451269815605741 0.437640907378992 0.437640872354868
0.452055999953486 0.438124528179879 0.438124493166317
0.452842184301231 0.438606765648156 0.438606730645488
0.453628368648977 0.439087617990823 0.439087582999384
0.454414552996722 0.439567083417849 0.439567048437971
0.455200737344467 0.440045160142166 0.440045125174184
0.455986921692212 0.44052184637968 0.440521811423929
0.456773106039957 0.440997140349272 0.440997105406086
0.457559290387703 0.441471040272799 0.441471005342512
0.458345474735448 0.441943544375098 0.441943509458045
0.459131659083193 0.442414650883989 0.442414615980506
0.459917843430938 0.442884358030281 0.442884323140703
0.460704027778683 0.44335266404777 0.443352629172433
0.461490212126429 0.443819567173246 0.443819532312486
0.462276396474174 0.444285065646495 0.444285030800648
0.463062580821919 0.444749157710302 0.444749122879704
0.463848765169664 0.445211841610452 0.44521180679544
0.464634949517409 0.445673115595738 0.445673080796648
0.465421133865154 0.446132977917958 0.446132943135128
0.4662073182129 0.446591426831923 0.446591392065689
0.466993502560645 0.447048460595456 0.447048425846156
0.46777968690839 0.447504077469399 0.44750404273737
0.468565871256135 0.447958275717612 0.447958241003192
0.46935205560388 0.448411053606979 0.448411018910506
0.470138239951626 0.448862409407409 0.448862374729222
0.470924424299371 0.449312341391842 0.449312306732278
0.471710608647116 0.449760847836245 0.449760813195644
0.472496792994861 0.450207927019625 0.450207892398325
0.473282977342606 0.450653577224023 0.450653542622363
0.474069161690352 0.45109779673452 0.45109776215284
0.474855346038097 0.451540583839244 0.451540549277882
0.475641530385842 0.451981936829366 0.451981902288662
0.476427714733587 0.452421853999105 0.4524218194794
0.477213899081332 0.452860333645736 0.452860299147368
0.478000083429078 0.453297374069585 0.453297339592895
0.478786267776823 0.453732973574038 0.453732939119366
0.479572452124568 0.454167130465539 0.454167096033226
0.480358636472313 0.454599843053597 0.454599808643983
0.481144820820058 0.455031109650787 0.455031075264213
0.481931005167804 0.455460928572752 0.455460894209558
0.482717189515549 0.455889298138205 0.455889263798735
0.483503373863294 0.456316216668938 0.45631618235353
0.484289558211039 0.456741682489815 0.456741648198812
0.485075742558784 0.457165693928782 0.457165659662526
0.48586192690653 0.457588249316868 0.4575882150757
0.486648111254275 0.458009346988187 0.45800931277245
0.48743429560202 0.45842898527994 0.458428951089975
0.488220479949765 0.458847162532419 0.45884712836857
0.48900666429751 0.459263877089011 0.459263842951619
0.489792848645256 0.459679127296197 0.459679093185604
0.490579032993001 0.460092911503557 0.460092877420107
0.491365217340746 0.460505228063773 0.460505194007809
0.492151401688491 0.460916075332631 0.460916041304495
0.492937586036236 0.461325451669023 0.461325417669059
0.493723770383981 0.461733355434951 0.461733321463502
0.494509954731727 0.462139784995527 0.462139751052938
0.495296139079472 0.462544738718981 0.462544704805594
0.496082323427217 0.462948214976657 0.462948181092816
0.496868507774962 0.463350212143019 0.463350178289069
0.497654692122707 0.463750728595653 0.463750694771938
0.498440876470453 0.464149762715273 0.464149728922136
0.499227060818198 0.464547312885714 0.464547279123501
0.500013245165943 0.464943377493948 0.464943343763001
0.500799429513688 0.465337954930073 0.465337921230738
0.501585613861433 0.465731043587325 0.465731009919948
0.502371798209179 0.466122641862077 0.466122608227002
0.503157982556924 0.466512748153842 0.466512714551414
0.503944166904669 0.466901360865274 0.466901327295838
0.504730351252414 0.467288478402173 0.467288444866074
0.505516535600159 0.467674099173485 0.467674065671069
0.506302719947905 0.468058221591307 0.468058188122919
0.50708890429565 0.468440844070886 0.468440810636871
0.507875088643395 0.468821965030625 0.46882193163133
0.50866127299114 0.469201582892083 0.469201549527853
0.509447457338885 0.469579696079979 0.469579662751161
0.510233641686631 0.469956303022194 0.469956269729132
0.511019826034376 0.47033140214977 0.470331368892812
0.511806010382121 0.470704991896918 0.47070495867641
0.512592194729866 0.471077070701017 0.471077037517305
0.513378379077611 0.471447637002617 0.471447603856048
0.514164563425357 0.471816689245441 0.471816656136361
0.514950747773102 0.472184225876388 0.472184192805144
0.515736932120847 0.472550245345534 0.472550212312473
0.516523116468592 0.472914746106136 0.472914713111604
0.517309300816337 0.473277726614633 0.473277693658977
0.518095485164082 0.473639185330648 0.473639152414216
0.518881669511828 0.473999120716992 0.473999087840131
0.519667853859573 0.474357531239665 0.474357498402721
0.520454038207318 0.474714415367858 0.474714382571179
0.521240222555063 0.475069771573955 0.475069738817889
0.522026406902808 0.475423598333537 0.475423565618431
0.522812591250554 0.475775894125382 0.475775861451584
0.523598775598299 0.476126657431468 0.476126624799325
0.524384959946044 0.476475886736977 0.476475854146837
0.525171144293789 0.476823580530292 0.476823547982503
0.525957328641534 0.477169737303007 0.477169704797916
0.52674351298928 0.47751435554992 0.477514323087876
0.527529697337025 0.477857433769043 0.477857401350394
0.52831588168477 0.478198970461599 0.478198938086693
0.529102066032515 0.478538964132029 0.478538931801213
0.52988825038026 0.478877413287986 0.47887738100161
0.530674434728006 0.479214316440347 0.479214284198758
0.531460619075751 0.479549672103208 0.479549639906754
0.532246803423496 0.479883478793886 0.479883446642916
0.533032987771241 0.480215735032928 0.48021570292779
0.533819172118986 0.480546439344103 0.480546407285146
0.534605356466732 0.480875590254414 0.480875558241986
0.535391540814477 0.481203186294092 0.481203154328542
0.536177725162222 0.481529225996601 0.481529194078278
0.536963909509967 0.481853707898642 0.481853676027894
0.537750093857712 0.482176630540153 0.482176598717329
0.538536278205457 0.482497992464309 0.482497960689757
0.539322462553203 0.482817792217527 0.482817760491597
0.540108646900948 0.483136028349467 0.483135996672508
0.540894831248693 0.483452699413034 0.483452667785394
0.541681015596438 0.483767803964379 0.483767772386407
0.542467199944183 0.484081340562902 0.484081309034946
0.543253384291929 0.484393307771252 0.484393276293661
0.544039568639674 0.48470370415533 0.484703672728455
0.544825752987419 0.485012528284295 0.485012496908484
0.545611937335164 0.485319778730557 0.485319747406158
0.546398121682909 0.485625454069785 0.485625422797148
0.547184306030655 0.485929552880909 0.485929521660383
0.5479704903784 0.486232073746118 0.486232042578053
0.548756674726145 0.486533015250866 0.48653298413561
0.54954285907389 0.48683237598387 0.486832344921773
0.550329043421635 0.487130154537115 0.487130123528525
0.551115227769381 0.487426349505852 0.487426318551119
0.551901412117126 0.487720959488605 0.487720928588077
0.552687596464871 0.488013983087166 0.488013952241193
0.553473780812616 0.488305418906603 0.488305388115535
0.554259965160361 0.488595265555257 0.488595234819443
0.555046149508107 0.488883521644749 0.488883490964536
0.555832333855852 0.489170185789973 0.489170155165713
0.556618518203597 0.489455256609108 0.489455226041149
0.557404702551342 0.489738732723612 0.489738702212302
0.558190886899087 0.490020612758225 0.490020582303915
0.558977071246832 0.490300895340975 0.490300864944013
0.559763255594578 0.490579579103174 0.490579548763909
0.560549439942323 0.490856662679422 0.490856632398204
0.561335624290068 0.491132144707609 0.491132114484786
0.562121808637813 0.491406023828916 0.491405993664838
0.562907992985558 0.491678298687816 0.491678268582833
0.563694177333304 0.491948967932077 0.491948937886536
0.564480361681049 0.492218030212762 0.492218000227013
0.565266546028794 0.49248548418423 0.492485454258622
0.566052730376539 0.49275132850414 0.492751298639022
0.566838914724284 0.49301556183345 0.493015532029171
0.56762509907203 0.493278182836421 0.49327815309333
0.568411283419775 0.493539190180614 0.49353916049906
0.56919746776752 0.493798582536897 0.493798552917228
0.569983652115265 0.494056358579443 0.494056329022008
0.57076983646301 0.49431251698573 0.494312487490879
0.571556020810756 0.494567056436547 0.494567027004628
0.572342205158501 0.494819975615993 0.494819946247354
0.573128389506246 0.495071273211475 0.495071243906466
0.573914573853991 0.495320947913716 0.495320918672685
0.574700758201736 0.495568998416752 0.495568969240047
0.575486942549482 0.495815423417932 0.495815394305902
0.576273126897227 0.496060221617923 0.496060192570917
0.577059311244972 0.496303391720712 0.496303362739077
0.577845495592717 0.4965449324336 0.496544903517686
0.578631679940462 0.496784842467212 0.496784813617367
0.579417864288208 0.497023120535494 0.497023091752065
0.580204048635953 0.497259765355714 0.49725973663905
0.580990232983698 0.497494775648464 0.497494746998913
0.581776417331443 0.497728150137661 0.497728121555572
0.582562601679188 0.497959887550549 0.497959859036269
0.583348786026934 0.4981899866177 0.498189958171576
0.584134970374679 0.498418446073012 0.498418417695392
0.584921154722424 0.498645264653715 0.498645236344948
0.585707339070169 0.49887044110037 0.498870412860804
0.586493523417914 0.49909397415687 0.499093945986851
0.58727970776566 0.499315862570439 0.499315834470316
0.588065892113405 0.499536105091639 0.499536077061758
0.58885207646115 0.499754700474364 0.499754672515073
0.589638260808895 0.499971647475846 0.499971619587492
0.59042444515664 0.500186944856654 0.500186917039585
0.591210629504385 0.500400591380695 0.500400563635257
0.591996813852131 0.500612585815216 0.500612558141757
0.592782998199876 0.500822926930805 0.500822899329671
0.593569182547621 0.501031613501391 0.501031585972929
0.594355366895366 0.501238644304244 0.501238616848801
0.595141551243111 0.501444018119979 0.501443990737902
0.595927735590857 0.501647733732556 0.50164770642419
0.596713919938602 0.501849789929278 0.50184976269497
0.597500104286347 0.502050185500796 0.502050158340893
0.598286288634092 0.502248919241107 0.502248892155954
0.599072472981837 0.502445989947556 0.5024459629375
0.599858657329583 0.502641396420838 0.502641369486225
0.600644841677328 0.502835137464996 0.502835110606172
0.601431026025073 0.503027211887426 0.503027185104735
0.602217210372818 0.503217618498872 0.50321759179266
0.603003394720563 0.503406356113432 0.503406329484046
0.603789579068309 0.503593423548557 0.503593396996342
0.604575763416054 0.503778819625053 0.503778793150353
0.605361947763799 0.503962543167077 0.503962516770237
0.606148132111544 0.504144593002144 0.50414456668351
0.606934316459289 0.504324967961124 0.504324941721041
0.607720500807035 0.504503666878245 0.504503640717056
0.60850668515478 0.50468068859109 0.504680662509141
0.609292869502525 0.504856031940603 0.504856005938238
0.61007905385027 0.505029695771084 0.505029669848647
0.610865238198015 0.505201678930194 0.50520165308803
0.61165142254576 0.505371980268955 0.505371954507406
0.612437606893506 0.505540598641747 0.505540572961159
0.613223791241251 0.505707532906314 0.505707507307029
0.614009975588996 0.50587278192376 0.505872756406123
0.614796159936741 0.506036344558554 0.506036319122906
0.615582344284486 0.506198219678525 0.506198194325211
0.616368528632232 0.506358406154867 0.50635838088423
0.617154712979977 0.506516902862139 0.506516877674522
0.617940897327722 0.506673708678265 0.50667368357401
0.618727081675467 0.506828822484532 0.506828797463981
0.619513266023212 0.506982243165594 0.506982218229091
0.620299450370958 0.507133969609473 0.507133944757359
0.621085634718703 0.507284000707554 0.507283975940171
0.621871819066448 0.507432335354592 0.507432310672283
0.622658003414193 0.507578972448709 0.507578947851814
0.623444187761938 0.507723910891393 0.507723886380256
0.624230372109684 0.507867149587505 0.507867125162465
0.625016556457429 0.508008687445269 0.508008663106668
0.625802740805174 0.508148523376282 0.508148499124462
0.626588925152919 0.50828665629551 0.50828663213081
0.627375109500664 0.508423085121287 0.508423061044048
0.62816129384841 0.508557808775319 0.508557784785882
0.628947478196155 0.508690826182681 0.508690802281387
0.6297336625439 0.508822136271822 0.508822112459009
0.630519846891645 0.508951737974557 0.508951714250566
0.63130603123939 0.509079630226076 0.509079606591247
0.632092215587135 0.50920581196494 0.509205788419611
0.632878399934881 0.50933028213308 0.509330258677591
0.633664584282626 0.5094530396758 0.509453016310491
0.634450768630371 0.509574083541778 0.509574060266986
0.635236952978116 0.509693412683061 0.509693389499126
0.636023137325861 0.509811026055072 0.509811002962331
0.636809321673607 0.509926922616602 0.509926899615395
0.637595506021352 0.510041101329821 0.510041078420484
0.638381690369097 0.510153561160265 0.510153538343137
0.639167874716842 0.51026430107685 0.510264278352267
0.639954059064587 0.510373320051859 0.51037329742016
0.640740243412333 0.510480617060952 0.510480594522473
0.641526427760078 0.51058619108316 0.510586168638239
0.642312612107823 0.51069004110089 0.510690018749863
0.643098796455568 0.510792166099919 0.510792143843122
0.643884980803313 0.510892565069399 0.510892542907168
0.644671165151059 0.510991237001855 0.510991214934527
0.645457349498804 0.511088180893186 0.511088158921095
0.646243533846549 0.511183395742662 0.511183373866145
0.647029718194294 0.511276880552929 0.51127685877232
0.647815902542039 0.511368634330003 0.511368612645637
0.648602086889785 0.511458656083275 0.511458634495488
0.64938827123753 0.511546944825508 0.511546923334634
0.650174455585275 0.511633499572838 0.511633478179211
0.65096063993302 0.511718319344774 0.511718298048727
0.651746824280765 0.511801403164196 0.511801381966064
0.65253300862851 0.511882750057358 0.511882728957473
0.653319192976256 0.511962359053883 0.511962338052579
0.654105377324001 0.512040229186769 0.512040208284379
0.654891561671746 0.512116359492384 0.512116338689241
0.655677746019491 0.512190749010468 0.512190728306904
0.656463930367236 0.512263396784131 0.512263376180478
0.657250114714982 0.512334301859854 0.512334281356444
0.658036299062727 0.51240346328749 0.512403442884653
0.658822483410472 0.512470880120259 0.512470859818328
0.659608667758217 0.512536551414754 0.51253653121406
0.660394852105962 0.512600476230936 0.512600456131808
0.661181036453708 0.512662653632134 0.512662633634904
0.661967220801453 0.512723082685047 0.512723062790046
0.662753405149198 0.512781762459743 0.5127817426673
0.663539589496943 0.512838692029657 0.512838672340101
0.664325773844688 0.512893870471591 0.512893850885251
0.665111958192434 0.512947296865713 0.512947277382919
0.665898142540179 0.512998970295561 0.51299895091664
0.666684326887924 0.513048889848035 0.513048870573317
0.667470511235669 0.513097054613403 0.513097035443216
0.668256695583414 0.513143463685297 0.513143444619969
0.66904287993116 0.513188116160714 0.513188097200572
0.669829064278905 0.513231011140015 0.513230992285385
0.67061524862665 0.513272147726923 0.513272128978133
0.671401432974395 0.513311525028524 0.513311506385901
0.67218761732214 0.513349142155268 0.513349123619137
0.672973801669886 0.513384998220964 0.513384979791652
0.673759986017631 0.513419092342783 0.513419074020615
0.674546170365376 0.513451423641256 0.513451405426557
0.675332354713121 0.513481991240274 0.513481973133369
0.676118539060866 0.513510794267084 0.513510776268299
0.676904723408612 0.513537831852296 0.513537813961953
0.677690907756357 0.513563103129872 0.513563085348296
0.678477092104102 0.513586607237134 0.513586589564649
0.679263276451847 0.513608343314758 0.513608325751687
0.680049460799592 0.513628310506777 0.513628293053443
0.680835645147338 0.513646507960575 0.513646490617301
0.681621829495083 0.513662934826892 0.513662917594
0.682408013842828 0.51367759025982 0.51367757313763
0.683194198190573 0.5136904734168 0.513690456405636
0.683980382538318 0.513701583458628 0.513701566558811
0.684766566886064 0.513710919549447 0.513710902761296
0.685552751233809 0.513718480856749 0.513718464180586
0.686338935581554 0.513724266551374 0.513724249987519
0.687125119929299 0.51372827580751 0.513728259356283
0.687911304277044 0.51373050780269 0.513730491464411
0.688697488624789 0.513730961717794 0.51373094549278
0.689483672972535 0.513729636737042 0.513729620625613
0.69026985732028 0.513726532048001 0.513726516050475
0.691056041668025 0.513721646841577 0.513721630958273
0.69184222601577 0.513714980312019 0.513714964543253
0.692628410363515 0.513706531656914 0.513706516003005
0.693414594711261 0.51369630007719 0.513696284538453
0.694200779059006 0.513684284777109 0.513684269353862
0.694986963406751 0.513670484964273 0.51367046965683
0.695773147754496 0.513654899849616 0.513654884658294
0.696559332102241 0.513637528647408 0.513637513572523
0.697345516449987 0.513618370575252 0.513618355617117
0.698131700797732 0.513597424854081 0.513597410013012
0.698917885145477 0.513574690708159 0.51357467598447
0.699704069493222 0.51355016736508 0.513550152759085
0.700490253840967 0.513523854055765 0.513523839567776
0.701276438188713 0.513495750014461 0.513495735644792
0.702062622536458 0.513465854478741 0.513465840227704
0.702848806884203 0.513434166689501 0.513434152557409
0.703634991231948 0.513400685890961 0.513400671878125
0.704421175579693 0.513365411330661 0.513365397437392
0.705207359927439 0.51332834225946 0.513328328486069
0.705993544275184 0.513289477931536 0.513289464278334
0.706779728622929 0.513248817604384 0.513248804071681
0.707565912970674 0.513206360538815 0.51320634712692
0.708352097318419 0.513162105998953 0.513162092708176
0.709138281666164 0.513116053252234 0.513116040082883
0.70992446601391 0.513068201569405 0.513068188521789
0.710710650361655 0.513018550224523 0.51301853729895
0.7114968347094 0.512967098494954 0.512967085691731
0.712283019057145 0.512913845661367 0.512913832980801
0.71306920340489 0.512858791007739 0.512858778450136
0.713855387752636 0.512801933821346 0.512801921387014
0.714641572100381 0.51274327339277 0.512743261082013
0.715427756448126 0.51268280901589 0.512682796829014
0.716213940795871 0.512620539987882 0.512620527925192
0.717000125143616 0.512556465609221 0.512556453671021
0.717786309491362 0.512490585183675 0.512490573370269
0.718572493839107 0.512422898018305 0.512422886329997
0.719358678186852 0.512353403423464 0.512353391860556
0.720144862534597 0.512282100712794 0.512282089275588
0.720931046882342 0.512208989203222 0.512208977892022
0.721717231230088 0.512134068214965 0.512134057030071
0.722503415577833 0.51205733707152 0.512057326013234
0.723289599925578 0.511978795099669 0.511978784168292
0.724075784273323 0.511898441629473 0.511898430825304
0.724861968621068 0.511816275994269 0.511816265317609
0.725648152968814 0.511732297530674 0.511732286981821
0.726434337316559 0.511646505578576 0.51164649515783
0.727220521664304 0.511558899481139 0.511558889188798
0.728006706012049 0.511469478584794 0.511469468421155
0.728792890359794 0.511378242239241 0.511378232204602
0.729579074707539 0.511285189797448 0.511285179892106
0.730365259055285 0.511190320615646 0.511190310839896
0.73115144340303 0.511093634053327 0.511093624407467
0.731937627750775 0.510995129473246 0.51099511995757
0.73272381209852 0.510894806241415 0.510894796856218
0.733509996446265 0.510792663727099 0.510792654472675
0.734296180794011 0.51068870130282 0.510688692179464
0.735082365141756 0.510582918344351 0.510582909352356
0.735868549489501 0.510475314230713 0.510475305370371
0.736654733837246 0.510365888344175 0.510365879615779
0.737440918184991 0.51025464007025 0.510254631474092
0.738227102532737 0.510141568797695 0.510141560334065
0.739013286880482 0.510026673918506 0.510026665587696
0.739799471228227 0.509909954827916 0.509909946630216
0.740585655575972 0.509791410924397 0.509791402860096
0.741371839923717 0.50967104160965 0.509671033679039
0.742158024271463 0.50954884628861 0.509548838491976
0.742944208619208 0.50942482436944 0.509424816707071
0.743730392966953 0.509298975263527 0.509298967735712
0.744516577314698 0.509171298385484 0.509171290992508
0.745302761662443 0.509041793153143 0.509041785895294
0.746088946010189 0.508910458987557 0.508910451865121
0.746875130357934 0.508777295312993 0.508777288326255
0.747661314705679 0.508642301556932 0.508642294706177
0.748447499053424 0.508505477150067 0.508505470435579
0.749233683401169 0.508366821526298 0.508366814948361
0.750019867748914 0.508226334122733 0.50822632768163
0.75080605209666 0.50808401437968 0.508084008075694
0.751592236444405 0.507939861740651 0.507939855574063
0.75237842079215 0.507793875652352 0.507793869623445
0.753164605139895 0.507646055564688 0.507646049673743
0.75395078948764 0.507496400930754 0.507496395178051
0.754736973835386 0.507344911206836 0.507344905592654
0.755523158183131 0.507191585852405 0.507191580377024
0.756309342530876 0.507036424330119 0.507036418993817
0.757095526878621 0.506879426105814 0.50687942090887
0.757881711226366 0.506720590648508 0.506720585591198
0.758667895574112 0.506559917430391 0.506559912512993
0.759454079921857 0.506397405926829 0.50639740114962
0.760240264269602 0.506233055616356 0.50623305097961
0.761026448617347 0.506066865980673 0.506066861484666
0.761812632965092 0.505898836504645 0.505898832149651
0.762598817312838 0.505728966676298 0.505728962462592
0.763385001660583 0.505557255986816 0.505557251914671
0.764171186008328 0.505383703930538 0.505383700000227
0.764957370356073 0.505208310004956 0.50520830621675
0.765743554703818 0.505031073710708 0.505031070064879
0.766529739051564 0.504851994551579 0.504851991048399
0.767315923399309 0.504671072034499 0.504671068674236
0.768102107747054 0.504488305669533 0.504488302452458
0.768888292094799 0.504303694969884 0.504303691896267
0.769674476442544 0.504117239451891 0.504117236521998
0.77046066079029 0.503928938635018 0.503928935849119
0.771246845138035 0.503738792041858 0.503738789400219
0.77203302948578 0.503546799198128 0.503546796701016
0.772819213833525 0.503352959632663 0.503352957280344
0.77360539818127 0.503157272877416 0.503157270670156
0.774391582529016 0.502959738467454 0.502959736405516
0.775177766876761 0.502760355940951 0.5027603540246
0.775963951224506 0.502559124839191 0.502559123068689
0.776750135572251 0.502356044706558 0.502356043082169
0.777536319919996 0.502151115090538 0.502151113612524
0.778322504267742 0.501944335541713 0.501944334210335
0.779108688615487 0.501735705613756 0.501735704429275
0.779894872963232 0.50152522486343 0.501525223826106
0.780681057310977 0.501312892850584 0.501312891960676
0.781467241658722 0.50109870913815 0.501098708395917
0.782253426006467 0.500882673292135 0.500882672697835
0.783039610354213 0.500664784881624 0.500664784435515
0.783825794701958 0.500445043478772 0.50044504318111
0.784611979049703 0.500223448658802 0.500223448509844
0.785398163397448 0.5 0.5